LAYOUT__TAB_HEIGHT=26
WINDOW__BACKGROUND_COLOR=212.72726, 0.41489363, 0.8351064
eclipse.preferences.version=1
